37
124.07274264133294
30
92.7825145991234
2
58.24988198110123
90
196.92778916910078
30
106.75882695447385
36
121.79106283110183
85
199.80920289109375
70
166.7817157080083
48
121.31515449147419
93
223.36364028231174
56
144.04688417996246
89
216.90947668932824
74
185.25011390673907
63
163.65633389475337
99
234.6060520548234
97
233.9467801809211
17
91.06778500646425
41
113.07660965342832
78
196.54380808244366
70
159.28289353459422
100
235.01034793772388
84
211.1838181891571
50
139.3579046623979
60
148.90227773214377
52
130.75730301581953
85
205.91511975481518
37
113.80600633948053
0
55.393676109346906
69
161.41475181336753
50
132.3612891278377
80
202.94129836555953
16
85.03164358628473
3
39.43925559997085
53
138.18019301904658
47
132.44053905668864
46
133.8027931956783
91
203.39752781360377
83
186.96218271743336
38
111.16256725085891
21
88.86452253295279
41
131.1968983918568
70
158.07728573780966
88
219.69055004128236
61
163.9864333000934
43
132.41926965121263
82
196.784422435738
42
137.81088709899535
73
192.18606292670708
13
71.53045611201661
57
154.66108505998164
62
171.9711161298863
23
93.08484639223724
32
114.4701536399041
87
209.24740391139576
8
56.05943857529939
40
121.64411525091009
88
203.98999222064884
95
212.70566934479072
7
58.266543415944824
89
203.50768146965362
51
137.9893652134122
67
166.20007700222806
92
218.79126268334338
70
184.16289300251125
32
115.84050684196417
93
202.2116566041126
48
132.338361525685
92
202.71513920497424
12
62.189280135284946
42
119.97001165246093
28
87.9221305573674
90
198.30335090901673
95
222.86360615973095
80
200.21561321907927
8
50.7317959166582
16
86.50680435910475
86
188.36364164594505
3
61.72855408446706
40
118.25631018867362
47
119.92080258074617
26
92.8637651063679
47
125.02673330979789
61
161.43549667393305
29
99.79999723552116
51
125.38888522287392
93
224.32474956882203
88
219.75303406972452
98
223.94601033452776
82
207.57909824645245
67
172.85138240899454
4
52.77131254471975
13
58.51233951492147
8
75.3937294117812
45
124.12240545757503
37
128.11615781381315
31
95.35564066970893
0
60.4416477009794
72
167.17280348952
8
61.84748655144873
57
152.34931065137812
31
110.91673311253811
97
234.5951618573848
69
185.51503319712788
97
214.32699927565824
68
155.08909536232534
65
162.60067143037736
15
81.93417339711038
76
169.08857518159215
32
119.61194239523425
47
123.34128641500247
72
166.16712677093878
100
237.14989232638055
56
153.55940090566534
50
122.10074110933266
0
58.2475012266262
41
121.89958371217138
58
158.51315467980362
49
130.21559505915926
70
158.75036662202598
54
151.1377614662482
67
175.72976561070863
15
67.88680570337188
95
224.35673694130773
10
72.786515287437
80
194.27200297094947
99
220.98570265567702
22
80.6522783076741
30
116.63731654565615
73
164.50874837365012
11
73.49374055808295
21
80.69349619417605